15
0.0000 15.5310 6.2171 5.8379 12.0195 6.9152 5.7002 18.0142 6.4289 7.0463 4.0049 13.8957 14.6194 16.5853 18.2231
15.5310 0.0000 12.9192 10.6105 8.2892 9.2088 7.9579 7.2998 13.8140 13.7595 12.6087 10.5858 5.1791 7.2312 11.8255
6.2171 12.9192 0.0000 18.6755 16.7849 15.2866 12.7481 12.0199 9.7654 9.5917 15.3738 17.8712 17.9379 5.0106 15.9455
5.8379 10.6105 18.6755 0.0000 4.1824 8.8254 12.5760 16.7521 2.7162 7.9569 7.9241 9.7466 2.7918 13.6196 4.6738
12.0195 8.2892 16.7849 4.1824 0.0000 4.6125 6.8855 9.2643 12.6534 7.2286 6.9207 5.3339 14.6465 1.8425 10.6587
6.9152 9.2088 15.2866 8.8254 4.6125 0.0000 4.6833 14.5317 19.9174 6.2718 12.1336 13.2316 1.6484 14.5397 6.3030
5.7002 7.9579 12.7481 12.5760 6.8855 4.6833 0.0000 8.7347 10.6382 22.3833 11.0201 4.7329 17.1082 9.6534 10.9945
18.0142 7.2998 12.0199 16.7521 9.2643 14.5317 8.7347 0.0000 15.4224 1.0775 8.0529 4.0254 3.1687 9.5410 6.9606
6.4289 13.8140 9.7654 2.7162 12.6534 19.9174 10.6382 15.4224 0.0000 4.9364 14.4601 7.0892 12.3380 21.0410 8.4071
7.0463 13.7595 9.5917 7.9569 7.2286 6.2718 22.3833 1.0775 4.9364 0.0000 17.7042 15.3001 3.7891 9.7446 12.4103
4.0049 12.6087 15.3738 7.9241 6.9207 12.1336 11.0201 8.0529 14.4601 17.7042 0.0000 6.4468 15.1694 11.9568 8.1847
13.8957 10.5858 17.8712 9.7466 5.3339 13.2316 4.7329 4.0254 7.0892 15.3001 6.4468 0.0000 5.2720 8.5133 18.0260
14.6194 5.1791 17.9379 2.7918 14.6465 1.6484 17.1082 3.1687 12.3380 3.7891 15.1694 5.2720 0.0000 14.4587 12.1631
16.5853 7.2312 5.0106 13.6196 1.8425 14.5397 9.6534 9.5410 21.0410 9.7446 11.9568 8.5133 14.4587 0.0000 2.6801
18.2231 11.8255 15.9455 4.6738 10.6587 6.3030 10.9945 6.9606 8.4071 12.4103 8.1847 18.0260 12.1631 2.6801 0.0000
