20
0.0000 11.7584 12.1424 13.7965 13.2590 18.4623 14.7693 21.2180 13.9684 14.0173 9.3234 15.1334 15.1753 9.5733 22.9185 7.1153 17.8053 15.3888 19.4039 21.4746
11.7584 0.0000 8.9380 14.8554 12.1571 19.9889 22.4430 17.2598 19.4744 14.6987 11.1594 10.6018 8.0258 26.3184 17.8418 8.6748 16.0869 9.4971 11.5785 10.8574
12.1424 8.9380 0.0000 6.1872 14.2764 14.7705 20.7249 19.0665 14.7777 24.4216 17.3769 10.5381 18.9112 11.9871 21.7665 26.5237 14.7778 16.7353 8.5011 24.9481
13.7965 14.8554 6.1872 0.0000 17.2191 14.4279 13.3749 20.7921 24.8396 13.0450 22.7298 11.3497 22.1467 18.4077 22.7060 12.6819 20.0437 16.0918 12.2319 9.3012
13.2590 12.1571 14.2764 17.2191 0.0000 7.7491 14.7503 22.1159 5.3948 14.2091 15.3158 13.8759 13.5123 13.1583 15.8811 13.6660 14.5046 14.9682 21.7746 19.3005
18.4623 19.9889 14.7705 14.4279 7.7491 0.0000 15.6552 12.1551 11.3836 20.1664 8.3401 12.3893 14.3347 23.3119 17.6553 9.4700 23.0725 12.7087 23.0808 16.3311
14.7693 22.4430 20.7249 13.3749 14.7503 15.6552 0.0000 8.8138 4.2530 15.1765 20.7750 13.8099 17.3310 18.4853 13.0079 12.2596 17.5936 17.6713 3.4942 19.4436
21.2180 17.2598 19.0665 20.7921 22.1159 12.1551 8.8138 0.0000 10.7185 16.4256 6.9301 14.1593 13.8254 12.5139 19.1387 4.0322 18.6351 23.9521 13.5475 8.2051
13.9684 19.4744 14.7777 24.8396 5.3948 11.3836 4.2530 10.7185 0.0000 18.8993 13.6033 18.4041 11.3569 20.4005 15.1349 14.9783 19.4801 5.9104 15.2292 12.0697
14.0173 14.6987 24.4216 13.0450 14.2091 20.1664 15.1765 16.4256 18.8993 0.0000 9.8506 10.6559 21.5496 21.6374 21.7340 19.2542 16.8626 10.6703 13.9430 12.3467
9.3234 11.1594 17.3769 22.7298 15.3158 8.3401 20.7750 6.9301 13.6033 9.8506 0.0000 16.0027 8.2044 17.4413 12.3217 10.2300 14.1503 21.7003 17.4695 10.6674
15.1334 10.6018 10.5381 11.3497 13.8759 12.3893 13.8099 14.1593 18.4041 10.6559 16.0027 0.0000 14.8210 16.4481 19.0597 11.8269 22.7667 10.3467 8.5762 20.2478
15.1753 8.0258 18.9112 22.1467 13.5123 14.3347 17.3310 13.8254 11.3569 21.5496 8.2044 14.8210 0.0000 15.1709 17.1971 16.3368 17.7546 18.4579 7.9612 27.3823
9.5733 26.3184 11.9871 18.4077 13.1583 23.3119 18.4853 12.5139 20.4005 21.6374 17.4413 16.4481 15.1709 0.0000 12.3963 18.9423 21.3994 18.8838 14.3387 16.3873
22.9185 17.8418 21.7665 22.7060 15.8811 17.6553 13.0079 19.1387 15.1349 21.7340 12.3217 19.0597 17.1971 12.3963 0.0000 13.2039 7.4649 18.8081 9.7863 6.3279
7.1153 8.6748 26.5237 12.6819 13.6660 9.4700 12.2596 4.0322 14.9783 19.2542 10.2300 11.8269 16.3368 18.9423 13.2039 0.0000 21.3308 9.7837 23.1159 18.6854
17.8053 16.0869 14.7778 20.0437 14.5046 23.0725 17.5936 18.6351 19.4801 16.8626 14.1503 22.7667 17.7546 21.3994 7.4649 21.3308 0.0000 13.2893 16.3722 14.3835
15.3888 9.4971 16.7353 16.0918 14.9682 12.7087 17.6713 23.9521 5.9104 10.6703 21.7003 10.3467 18.4579 18.8838 18.8081 9.7837 13.2893 0.0000 5.3575 10.2279
19.4039 11.5785 8.5011 12.2319 21.7746 23.0808 3.4942 13.5475 15.2292 13.9430 17.4695 8.5762 7.9612 14.3387 9.7863 23.1159 16.3722 5.3575 0.0000 16.1077
21.4746 10.8574 24.9481 9.3012 19.3005 16.3311 19.4436 8.2051 12.0697 12.3467 10.6674 20.2478 27.3823 16.3873 6.3279 18.6854 14.3835 10.2279 16.1077 0.0000
