25
0.0000 34.5936 53.7101 50.5618 42.3971 57.1846 49.8292 46.2150 52.9004 45.8040 72.3389 53.0553 44.4927 49.0267 54.6596 42.3573 59.0992 42.5329 63.1848 42.8574 37.0231 45.5667 65.4384 19.0651 60.6263
34.5936 0.0000 52.7843 44.5646 57.5089 32.6411 43.5657 54.4611 40.2165 48.5557 58.8933 57.6431 51.7096 54.4181 44.3562 52.8576 44.3324 35.6709 48.8607 54.2311 56.5734 52.8388 46.6525 65.2989 57.1471
53.7101 52.7843 0.0000 56.7045 41.6056 49.8016 58.3679 43.3261 42.3198 36.7061 53.7455 52.6009 65.9882 36.5749 50.7994 19.1263 41.7191 47.7482 30.8570 65.2400 33.3640 46.1181 60.5668 51.2187 30.5653
50.5618 44.5646 56.7045 0.0000 56.4078 32.5093 56.9156 60.4185 50.6198 60.1925 48.0826 50.9748 37.3696 43.2191 70.6299 67.0509 54.3992 78.4085 37.0207 45.8493 40.1389 45.4431 58.3341 35.1015 74.7214
42.3971 57.5089 41.6056 56.4078 0.0000 55.9580 64.6775 51.7924 59.5648 61.1309 60.8229 65.2368 48.5843 61.0397 56.4249 37.1678 34.8099 47.4705 35.0530 57.4332 32.3268 48.3329 49.8964 51.2158 67.0940
57.1846 32.6411 49.8016 32.5093 55.9580 0.0000 61.6907 46.8551 34.3875 36.4901 36.5270 43.6411 40.8417 68.4875 48.6506 60.7132 29.5467 44.7403 35.4265 45.2128 48.4974 59.6728 58.4264 51.2898 64.6439
49.8292 43.5657 58.3679 56.9156 64.6775 61.6907 0.0000 49.6325 45.1534 46.6743 58.1219 49.9068 58.5477 53.2721 55.8874 39.8734 38.2194 61.3708 67.2280 38.6585 44.3049 42.8061 51.7796 29.6011 52.2651
46.2150 54.4611 43.3261 60.4185 51.7924 46.8551 49.6325 0.0000 37.9929 46.3576 60.6634 50.4754 67.2481 40.8551 28.7723 55.2877 58.9900 59.4539 64.0338 49.6697 59.9326 46.2936 59.1884 42.1593 41.7936
52.9004 40.2165 42.3198 50.6198 59.5648 34.3875 45.1534 37.9929 0.0000 48.9982 59.5764 59.9859 33.9139 48.3751 47.5034 44.6627 48.2853 57.3620 47.1791 49.1315 55.9310 60.2835 50.9190 40.2037 57.5626
45.8040 48.5557 36.7061 60.1925 61.1309 36.4901 46.6743 46.3576 48.9982 0.0000 47.8191 52.9291 46.2652 55.7735 53.0970 54.2851 39.0875 54.3934 69.1037 58.3064 30.9752 56.1757 56.6394 57.0847 41.9028
72.3389 58.8933 53.7455 48.0826 60.8229 36.5270 58.1219 60.6634 59.5764 47.8191 0.0000 33.8239 42.9806 46.4697 50.7045 41.3417 36.2529 50.0205 25.3734 47.2996 39.3125 60.4362 55.5647 39.5081 48.6099
53.0553 57.6431 52.6009 50.9748 65.2368 43.6411 49.9068 50.4754 59.9859 52.9291 33.8239 0.0000 58.9574 44.9267 57.5577 36.0988 56.3671 42.1970 39.6715 54.8824 58.4740 45.2822 41.9439 62.3018 48.3462
44.4927 51.7096 65.9882 37.3696 48.5843 40.8417 58.5477 67.2481 33.9139 46.2652 42.9806 58.9574 0.0000 65.2210 57.8811 57.9138 35.8342 62.2838 66.3713 39.4270 70.9747 48.3241 53.2758 69.8180 49.8367
49.0267 54.4181 36.5749 43.2191 61.0397 68.4875 53.2721 40.8551 48.3751 55.7735 46.4697 44.9267 65.2210 0.0000 38.9061 39.0955 38.2610 45.6707 47.2955 45.3712 54.0831 43.5971 54.8369 48.0397 52.4181
54.6596 44.3562 50.7994 70.6299 56.4249 48.6506 55.8874 28.7723 47.5034 53.0970 50.7045 57.5577 57.8811 38.9061 0.0000 46.1189 46.9877 75.7489 51.7650 36.6055 63.0503 58.7979 32.9637 40.9572 61.3433
42.3573 52.8576 19.1263 67.0509 37.1678 60.7132 39.8734 55.2877 44.6627 54.2851 41.3417 36.0988 57.9138 39.0955 46.1189 0.0000 49.2723 47.6762 42.0652 60.2964 46.9701 70.2151 58.3771 50.4856 48.4789
59.0992 44.3324 41.7191 54.3992 34.8099 29.5467 38.2194 58.9900 48.2853 39.0875 36.2529 56.3671 35.8342 38.2610 46.9877 49.2723 0.0000 51.1071 66.8850 46.8900 27.1251 35.5571 48.2996 32.2247 59.9001
42.5329 35.6709 47.7482 78.4085 47.4705 44.7403 61.3708 59.4539 57.3620 54.3934 50.0205 42.1970 62.2838 45.6707 75.7489 47.6762 51.1071 0.0000 56.3721 48.0902 48.5402 60.7056 37.6623 42.9170 51.3148
63.1848 48.8607 30.8570 37.0207 35.0530 35.4265 67.2280 64.0338 47.1791 69.1037 25.3734 39.6715 66.3713 47.2955 51.7650 42.0652 66.8850 56.3721 0.0000 60.4066 53.5831 53.6351 65.1189 42.2779 33.1720
42.8574 54.2311 65.2400 45.8493 57.4332 45.2128 38.6585 49.6697 49.1315 58.3064 47.2996 54.8824 39.4270 45.3712 36.6055 60.2964 46.8900 48.0902 60.4066 0.0000 42.3869 45.0868 52.4691 47.3115 56.1266
37.0231 56.5734 33.3640 40.1389 32.3268 48.4974 44.3049 59.9326 55.9310 30.9752 39.3125 58.4740 70.9747 54.0831 63.0503 46.9701 27.1251 48.5402 53.5831 42.3869 0.0000 58.3149 51.6482 51.9969 38.9045
45.5667 52.8388 46.1181 45.4431 48.3329 59.6728 42.8061 46.2936 60.2835 56.1757 60.4362 45.2822 48.3241 43.5971 58.7979 70.2151 35.5571 60.7056 53.6351 45.0868 58.3149 0.0000 36.4235 44.2072 40.1786
65.4384 46.6525 60.5668 58.3341 49.8964 58.4264 51.7796 59.1884 50.9190 56.6394 55.5647 41.9439 53.2758 54.8369 32.9637 58.3771 48.2996 37.6623 65.1189 52.4691 51.6482 36.4235 0.0000 57.0405 56.2302
19.0651 65.2989 51.2187 35.1015 51.2158 51.2898 29.6011 42.1593 40.2037 57.0847 39.5081 62.3018 69.8180 48.0397 40.9572 50.4856 32.2247 42.9170 42.2779 47.3115 51.9969 44.2072 57.0405 0.0000 47.1449
60.6263 57.1471 30.5653 74.7214 67.0940 64.6439 52.2651 41.7936 57.5626 41.9028 48.6099 48.3462 49.8367 52.4181 61.3433 48.4789 59.9001 51.3148 33.1720 56.1266 38.9045 40.1786 56.2302 47.1449 0.0000
